******************坐标转换报告*******************
B矩阵为：
           -1.000000            0.000000            0.000000            0.000000      4075386.769700     -4484768.546600      1964734.963500
            0.000000           -1.000000            0.000000     -4075386.769700            0.000000     -1964734.963500     -4484768.546600
            0.000000            0.000000           -1.000000      4484768.546600      1964734.963500            0.000000     -4075386.769700
           -1.000000            0.000000            0.000000            0.000000      4067948.166300     -4490401.507900      1967174.802300
            0.000000           -1.000000            0.000000     -4067948.166300            0.000000     -1967174.802300     -4490401.507900
            0.000000            0.000000           -1.000000      4490401.507900      1967174.802300            0.000000     -4067948.166300
           -1.000000            0.000000            0.000000            0.000000      4081954.088800     -4481934.193100      1958198.609900
            0.000000           -1.000000            0.000000     -4081954.088800            0.000000     -1958198.609900     -4481934.193100
            0.000000            0.000000           -1.000000      4481934.193100      1958198.609900            0.000000     -4081954.088800
           -1.000000            0.000000            0.000000            0.000000      4077866.134300     -4485256.398500      1958489.228900
            0.000000           -1.000000            0.000000     -4077866.134300            0.000000     -1958489.228900     -4485256.398500
            0.000000            0.000000           -1.000000      4485256.398500      1958489.228900            0.000000     -4077866.134300
           -1.000000            0.000000            0.000000            0.000000      4084841.962900     -4481362.679400      1953456.788500
            0.000000           -1.000000            0.000000     -4084841.962900            0.000000     -1953456.788500     -4481362.679400
            0.000000            0.000000           -1.000000      4481362.679400      1953456.788500            0.000000     -4084841.962900
           -1.000000            0.000000            0.000000            0.000000      4069911.536900     -4492625.151400      1958020.995000
            0.000000           -1.000000            0.000000     -4069911.536900            0.000000     -1958020.995000     -4492625.151400
            0.000000            0.000000           -1.000000      4492625.151400      1958020.995000            0.000000     -4069911.536900
x矩阵为：
      121.3593407534
       55.6984181553
       32.0105344132
        0.0000009253
       -0.0000003235
        0.0000008873
        0.0000175760
NBB矩阵为：
                 6.000000                 0.000000                 0.000000                 0.000000         -24457908.658900          26916348.476900         -11760075.388100
                 0.000000                 6.000000                 0.000000          24457908.658900                 0.000000          11760075.388100          26916348.476900
                 0.000000                 0.000000                 6.000000         -26916348.476900         -11760075.388100                 0.000000          24457908.658900
                 0.000000          24457908.658900         -26916348.476900   220446840684350.000000    52756432634080.400000    47937688228728.800000                 0.000000
         -24457908.658900                 0.000000         -11760075.388100    52756432634080.400000   122748456455284.000000  -109719457014783.000000                 0.000000
          26916348.476900          11760075.388100                 0.000000    47937688228728.800000  -109719457014783.000000   143798427582131.000000                 0.000000
         -11760075.388100          26916348.476900          24457908.658900                 0.000000                 0.000000                 0.000000   243496862360883.000000
改正数为：
            0.002547
            0.002236
            0.002682
            0.001538
            0.006649
           -0.005954
            0.000254
           -0.001824
           -0.009354
           -0.002064
            0.004010
           -0.004024
            0.006084
           -0.000443
            0.010594
           -0.008358
           -0.010628
            0.006056
转换点在新坐标下的坐标值：
点名              旧X坐标           旧Y坐标           旧Z坐标           新X坐标           新Y坐标           新Z坐标
GPS11       -1964642.8359        4484908.5860        4075486.8981       -1964550.7065        4485048.6279        4075587.0281
GPS12       -1967082.7160        4490541.6460        4068048.1509       -1966990.6279        4490681.7866        4068148.1371
GPS13       -1958106.3701        4482074.1789        4082054.3211       -1958014.1285        4482214.1672        4082154.5551
GPS14       -1958396.9949        4485396.4450        4077966.2971       -1958304.7591        4485536.4939        4078066.4615
GPS15       -1953364.4591        4481502.6550        4084942.2649       -1953272.1279        4481642.6331        4085042.5685
GPS16       -1957928.7551        4492765.3050        4070011.5630       -1957836.5134        4492905.4611        4070111.5907
A矩阵的逆矩阵：
         -0.800          0.600
          0.600         -0.200
A矩阵与B矩阵的乘积：
          7.000         15.000         17.000
         11.000         25.000         26.000
A矩阵的转置：
          1.000          3.000
          3.000          4.000
